1000 2
0.443204 0.256567
0.607658 0.570655
0.385402 0.790592
0.622112 0.384089
0.236632 0.922313
0.585261 0.204260
0.834134 0.304162
0.403871 0.742765
0.677699 0.265212
0.481079 0.424815
0.920231 0.437833
0.332816 0.375094
0.309297 0.510683
0.725590 0.536351
0.643742 0.421114
0.260478 0.634981
0.384415 0.726104
0.584449 0.518386
0.309399 0.905826
0.070545 0.630807
0.282827 0.151312
0.416733 0.511103
0.461535 0.898149
0.141806 0.555275
0.214596 0.973227
0.246204 0.232364
0.720288 0.691263
0.359943 0.967975
0.665786 0.659340
0.631128 0.666362
0.420976 0.586971
0.349729 0.432749
0.449482 0.239892
0.176624 0.354852
0.332965 0.491736
0.411573 0.263290
0.727528 0.304907
0.272321 0.555480
0.908168 0.424696
0.239433 0.202530
0.947972 0.182208
0.508947 0.600867
0.890559 0.235453
0.441743 0.081734
0.225205 0.633943
0.227707 0.943861
0.720132 0.451818
0.637750 0.169014
0.276216 0.820731
0.425265 0.408553
0.539443 0.351399
0.145201 0.342288
0.444037 0.265182
0.674150 0.346437
0.171528 0.806805
0.051789 0.479286
0.857348 0.289285
0.866622 0.298632
0.598094 0.858389
0.843583 0.312308
0.041114 0.716226
0.022632 0.930394
0.696240 0.480793
0.598515 0.563399
0.611011 0.361272
0.398928 0.635363
0.595465 0.414991
0.035856 0.586431
0.175797 0.813337
0.261273 0.779002
0.476356 0.133479
0.675320 0.485668
0.548253 0.362808
0.470868 0.466235
0.372311 0.676149
0.239781 0.621965
0.465553 0.711103
0.666522 0.134295
0.007210 0.826848
0.882848 0.313976
0.471072 0.657490
0.835817 0.835147
0.995064 0.090457
0.362955 0.406366
0.957056 0.496739
0.559107 0.592343
0.679628 0.070619
0.048879 0.890248
0.048024 0.922926
0.941074 0.437216
0.310609 0.742151
0.515876 0.464355
0.923696 0.136260
0.295230 0.437051
0.833674 0.247697
0.894325 0.516117
0.994403 0.411258
0.226706 0.870309
0.522924 0.786068
0.186811 0.320596
0.143912 0.699385
0.501220 0.987969
0.497992 0.738624
0.579943 0.001320
0.407148 0.343382
0.625317 0.263483
0.085412 0.579190
0.714358 0.240644
0.356005 0.440833
0.309264 0.899302
0.954667 0.253129
0.817733 0.315339
0.606036 0.107495
0.617672 0.682204
0.485186 0.307356
0.094299 0.626498
0.585156 0.436584
0.469718 0.539868
0.232362 0.838636
0.505247 0.369863
0.605719 0.754455
0.947002 0.258048
0.548994 0.362227
0.290838 0.113635
0.197422 0.942547
0.321929 0.199852
0.185563 0.372155
0.596940 0.223919
0.415897 0.219336
0.249612 0.633076
0.378757 0.570475
0.329350 0.549198
0.157414 0.661043
0.814457 0.330525
0.598510 0.376761
0.455852 0.667178
0.542364 0.404637
0.447794 0.482874
0.959478 0.322264
0.842673 0.591298
0.645467 0.645312
0.731029 0.473236
0.155596 0.739744
0.364418 0.909202
0.478321 0.394043
0.252304 0.325852
0.815961 0.464696
0.804101 0.149732
0.050023 0.607782
0.190864 0.836281
0.607428 0.743145
0.334879 0.694374
0.772924 0.424320
0.985774 0.389301
0.411040 0.478566
0.580550 0.150637
0.435376 0.776572
0.680474 0.537442
0.568774 0.513748
0.624728 0.623028
0.658302 0.617828
0.634231 0.094708
0.636794 0.278303
0.186738 0.762040
0.532506 0.521274
0.562848 0.828835
0.581187 0.134123
0.669245 0.583838
0.913916 0.570464
0.444273 0.572498
0.179938 0.704344
0.050001 0.613511
0.047500 0.807668
0.867367 0.426831
0.895737 0.241348
0.702062 0.317270
0.091574 0.821814
0.457478 0.601763
0.416817 0.743354
0.078906 0.569380
0.025408 0.559119
0.317071 0.344887
0.197393 0.664758
0.256200 0.641961
0.126082 0.761597
0.358785 0.111934
0.854678 0.257536
0.516951 0.202065
0.612789 0.307995
0.380223 0.521729
0.767120 0.036323
0.054812 0.406042
0.993772 0.265064
0.846059 0.162469
0.408357 0.138720
0.576022 0.461254
0.658797 0.534641
0.338964 0.529997
0.708402 0.155123
0.688567 0.833417
0.482254 0.477486
0.542113 0.755906
0.646548 0.848524
0.602388 0.595098
0.727778 0.196053
0.512684 0.424425
0.270453 0.130501
0.101702 0.944161
0.372639 0.794721
0.793602 0.341240
0.366548 0.257553
0.001294 0.977351
0.005231 0.733460
0.456336 0.079492
0.866314 0.090862
0.535276 0.488014
0.393492 0.755890
0.517050 0.855945
0.694450 0.496836
0.242040 0.583357
0.745005 0.452168
0.590705 0.613258
0.773893 0.563046
0.187186 0.895808
0.154323 0.895124
0.385316 0.527602
0.028958 0.636570
0.902191 0.352496
0.909650 0.561393
0.453405 0.472682
0.417592 0.381486
0.354047 0.641093
0.297035 0.229770
0.496114 0.437316
0.599935 0.256796
0.604783 0.820330
0.692329 0.335832
0.460421 0.664842
0.100691 0.946535
0.133648 0.432146
0.832912 0.053512
0.597366 0.503674
0.203109 0.580159
0.641842 0.120290
0.077558 0.468865
0.170100 0.793030
0.530441 0.431790
0.435542 0.948983
0.137733 0.966798
0.215092 0.751768
0.065484 0.859520
0.449201 0.642396
0.643774 0.501635
0.873342 0.720954
0.001376 0.939442
0.266071 0.513811
0.909858 0.243436
0.592033 0.612932
0.487731 0.696976
0.815990 0.510990
0.084027 0.429230
0.581304 0.197654
0.525763 0.969794
0.679572 0.308650
0.474576 0.579983
0.742566 0.409722
0.352306 0.986659
0.216188 0.727323
0.610179 0.702322
0.403216 0.595790
0.575748 0.126711
0.363552 0.435856
0.349415 0.606510
0.384491 0.801078
0.237916 0.367352
0.364739 0.197933
0.557734 0.126096
0.602677 0.500367
0.767322 0.601321
0.611287 0.288508
0.443634 0.700658
0.550020 0.443340
0.355763 0.748479
0.266592 0.785232
0.960226 0.251427
0.329499 0.333821
0.862276 0.059066
0.780890 0.532019
0.478909 0.303212
0.654195 0.511674
0.034142 0.598878
0.381736 0.923545
0.524403 0.329499
0.334758 0.484303
0.281754 0.194595
0.932294 0.469349
0.276005 0.324541
0.327744 0.708421
0.593762 0.281330
0.344766 0.348124
0.462242 0.840540
0.249475 0.863222
0.979915 0.305872
0.908170 0.322828
0.633575 0.783751
0.938902 0.367418
0.501499 0.822796
0.345473 0.425682
0.753452 0.418760
0.414009 0.968501
0.707748 0.423557
0.546520 0.260999
0.587557 0.586386
0.180114 0.770303
0.820964 0.636159
0.707663 0.103706
0.722470 0.627686
0.686205 0.537419
0.983172 0.440186
0.983067 0.202939
0.650459 0.365094
0.572958 0.260191
0.489567 0.511352
0.378655 0.847527
0.273288 0.874067
0.412406 0.583703
0.043616 0.804994
0.705776 0.011527
0.217486 0.687232
0.406454 0.604080
0.265428 0.847669
0.975047 0.359051
0.345472 0.919116
0.275352 0.603083
0.510161 0.307594
0.187904 0.692233
0.625162 0.799889
0.458063 0.758898
0.467220 0.921230
0.782666 0.101709
0.558330 0.843975
0.394536 0.508366
0.653816 0.633304
0.729503 0.384954
0.114638 0.466831
0.280995 0.881285
0.845341 0.607832
0.515470 0.186054
0.306015 0.848324
0.385631 0.942035
0.551987 0.588359
0.900798 0.598044
0.377667 0.099232
0.155085 0.171960
0.886961 0.442132
0.475565 0.743862
0.380904 0.301844
0.451422 0.650527
0.314995 0.370858
0.375389 0.459551
0.101287 0.713958
0.413637 0.708856
0.383488 0.346632
0.612714 0.520729
0.375810 0.503613
0.509819 0.430169
0.621564 0.436964
0.569479 0.034224
0.537975 0.650914
0.808362 0.607476
0.614203 0.651730
0.735671 0.166460
0.625811 0.168716
0.111339 0.906469
0.329444 0.726179
0.880465 0.517765
0.101804 0.535354
0.991995 0.506759
0.364910 0.842433
0.289350 0.515149
0.353507 0.688184
0.110124 0.716988
0.090971 0.481581
0.559008 0.602561
0.898591 0.192741
0.386662 0.454892
0.413999 0.930667
0.353441 0.444198
0.324766 0.832385
0.418030 0.780367
0.341091 0.504851
0.420605 0.676778
0.878784 0.121089
0.943553 0.420754
0.547529 0.244962
0.869298 0.424386
0.521700 0.528670
0.883295 0.123608
0.926788 0.203305
0.813711 0.482990
0.517239 0.128062
0.720717 0.692477
0.870549 0.276718
0.151512 0.633049
0.632678 0.187490
0.404169 0.522544
0.342073 0.479668
0.419771 0.181879
0.476315 0.335303
0.173239 0.256038
0.942911 0.657792
0.276344 0.596677
0.585538 0.322010
0.308724 0.798348
0.050313 0.860243
0.421483 0.342331
0.421433 0.993664
0.012989 0.784893
0.274846 0.490200
0.747875 0.611385
0.239525 0.463545
0.021318 0.526875
0.527427 0.680257
0.527015 0.442211
0.423222 0.569343
0.795494 0.030635
0.792468 0.722784
0.330365 0.876693
0.784094 0.008414
0.707559 0.271192
0.171805 0.919333
0.778986 0.431461
0.399465 0.978155
0.801230 0.293454
0.508680 0.551965
0.643246 0.873366
0.128352 0.779976
0.318093 0.556548
0.345968 0.936710
0.459322 0.549228
0.951558 0.371880
0.509484 0.368310
0.276975 0.773625
0.644113 0.269864
0.386227 0.428449
0.818720 0.420288
0.387717 0.450237
0.487929 0.726932
0.399916 0.712633
0.227404 0.730167
0.219526 0.478820
0.840503 0.229565
0.437829 0.557948
0.508334 0.423137
0.514980 0.185136
0.733152 0.294312
0.138671 0.414273
0.489491 0.427219
0.034356 0.512644
0.457001 0.844551
0.867842 0.098738
0.432963 0.686709
0.559354 0.582738
0.613045 0.612522
0.241575 0.950734
0.257090 0.918582
0.100546 0.848828
0.156437 0.592048
0.420429 0.570218
0.635284 0.397855
0.551952 0.256529
0.193605 0.953338
0.449490 0.487150
0.562020 0.163054
0.663940 0.175664
0.421752 0.320470
0.352161 0.533153
0.909937 0.861640
0.203552 0.716228
0.732811 0.433933
0.450950 0.399012
0.177436 0.694550
0.662421 0.698854
0.455188 0.409910
0.598737 0.510916
0.376568 0.156288
0.189707 0.375812
0.773439 0.500374
0.564773 0.546430
0.504855 0.234431
0.602673 0.302800
0.709422 0.425053
0.100574 0.957725
0.057588 0.867572
0.771738 0.186899
0.304888 0.374066
0.090270 0.489866
0.541750 0.395657
0.413169 0.554961
0.726038 0.074568
0.485217 0.383353
0.651725 0.974782
0.436793 0.788083
0.310238 0.541279
0.433815 0.840545
0.636816 0.152545
0.671429 0.355388
0.441992 0.506811
0.187006 0.607858
0.792556 0.130014
0.691458 0.177865
0.902312 0.748054
0.844856 0.179074
0.442209 0.213706
0.253199 0.861828
0.911956 0.207352
0.299112 0.461299
0.070059 0.927857
0.300472 0.533814
0.538826 0.422081
0.986056 0.211007
0.432069 0.614194
0.950816 0.361796
0.839707 0.447347
0.931222 0.024639
0.776393 0.443695
0.262356 0.602092
0.903100 0.141045
0.418036 0.185472
0.545048 0.846942
0.112194 0.641299
0.105221 0.865145
0.289714 0.455185
0.728085 0.175904
0.706533 0.175692
0.176932 0.540976
0.211372 0.478848
0.255960 0.244783
0.747740 0.871504
0.339171 0.702332
0.166964 0.727570
0.759315 0.706989
0.457612 0.098379
0.170365 0.561629
0.404179 0.744716
0.308515 0.937893
0.793569 0.596992
0.582864 0.580883
0.257305 0.444923
0.389647 0.730235
0.287231 0.581607
0.598002 0.058361
0.110392 0.490187
0.732600 0.195889
0.287841 0.665814
0.915325 0.212973
0.906545 0.062494
0.985333 0.045090
0.319892 0.479672
0.373434 0.367558
0.948609 0.108846
0.569086 0.416558
0.540024 0.683605
0.250830 0.584761
0.445479 0.328941
0.657381 0.676157
0.363708 0.653648
0.768382 0.595702
0.115504 0.385536
0.490562 0.188383
0.750942 0.200613
0.847446 0.431854
0.435784 0.501077
0.885720 0.443946
0.504530 0.334457
0.663123 0.764362
0.679836 0.518244
0.986638 0.353818
0.680680 0.305130
0.593835 0.703982
0.517218 0.421010
0.772629 0.199590
0.159227 0.764306
0.492971 0.713259
0.156644 0.930290
0.764570 0.322133
0.209592 0.744702
0.196190 0.848198
0.479308 0.074002
0.586372 0.850197
0.762813 0.109469
0.298025 0.581127
0.983034 0.352017
0.981434 0.335897
0.794918 0.110697
0.015369 0.840701
0.304062 0.284296
0.488475 0.050496
0.224722 0.680736
0.885857 0.476931
0.101665 0.753144
0.347843 0.115676
0.502201 0.393381
0.475893 0.929154
0.760774 0.342620
0.896339 0.635961
0.056937 0.761860
0.675965 0.202607
0.614583 0.742862
0.313865 0.616363
0.036622 0.628400
0.333452 0.561176
0.165896 0.329703
0.441977 0.655595
0.750911 0.633826
0.688606 0.590794
0.879051 0.820789
0.581002 0.639743
0.418971 0.807692
0.313658 0.532843
0.537632 0.198514
0.459840 0.633728
0.614876 0.449921
0.101208 0.896691
0.729558 0.491053
0.738964 0.332237
0.446595 0.041016
0.844316 0.791550
0.816873 0.447090
0.589727 0.787743
0.464306 0.603108
0.208053 0.796247
0.540004 0.321999
0.349401 0.590139
0.550918 0.338085
0.415566 0.630205
0.396152 0.803226
0.861222 0.280321
0.738663 0.295738
0.443655 0.855731
0.766757 0.031144
0.389059 0.780224
0.427064 0.226631
0.556394 0.119901
0.408878 0.667649
0.722734 0.141603
0.906752 0.461181
0.446243 0.442659
0.307205 0.689843
0.496251 0.619083
0.455522 0.819111
0.229410 0.677795
0.116703 0.880744
0.552404 0.572074
0.073652 0.675676
0.599961 0.341624
0.461345 0.702214
0.055874 0.198901
0.383026 0.482940
0.975031 0.165216
0.589099 0.450133
0.408508 0.739751
0.398697 0.402401
0.165434 0.668304
0.323303 0.671271
0.688760 0.158587
0.335210 0.334657
0.442381 0.323554
0.650818 0.345994
0.111714 0.967398
0.626351 0.491372
0.273790 0.425161
0.764332 0.253904
0.304294 0.381193
0.075729 0.895622
0.721600 0.451143
0.657289 0.390518
0.698580 0.404243
0.186796 0.890413
0.862059 0.694687
0.436560 0.365742
0.240093 0.470908
0.434881 0.439323
0.948207 0.561617
0.431934 0.213759
0.171039 0.309069
0.732553 0.730269
0.019744 0.817096
0.574051 0.395319
0.739752 0.400321
0.057372 0.853019
0.798040 0.392102
0.541622 0.205522
0.619918 0.187620
0.052533 0.358181
0.671359 0.487723
0.648445 0.152501
0.916946 0.467700
0.599332 0.068955
0.880695 0.512927
0.638161 0.597802
0.391176 0.927635
0.441370 0.445127
0.441684 0.879088
0.766188 0.464178
0.152668 0.945452
0.684956 0.079047
0.176511 0.871364
0.591902 0.725040
0.010309 0.971204
0.359051 0.800190
0.064162 0.866980
0.460553 0.775923
0.543270 0.244485
0.415430 0.545151
0.272216 0.955277
0.490890 0.327387
0.292527 0.485129
0.481221 0.062180
0.847403 0.309252
0.672073 0.664482
0.318484 0.479207
0.069596 0.607129
0.069743 0.800852
0.608899 0.454191
0.603726 0.416192
0.438180 0.182447
0.553811 0.477597
0.992127 0.033354
0.221003 0.772247
0.878779 0.577305
0.503228 0.667084
0.114707 0.661545
0.269878 0.314835
0.500991 0.255566
0.082182 0.823581
0.744184 0.586062
0.216904 0.918275
0.710991 0.499498
0.442337 0.696486
0.595164 0.728027
0.559648 0.121177
0.557370 0.904336
0.125097 0.911081
0.451763 0.496045
0.840019 0.134536
0.164810 0.555770
0.411578 0.502439
0.884362 0.253874
0.121726 0.359625
0.349096 0.595039
0.662805 0.285722
0.198466 0.776545
0.365082 0.212205
0.645057 0.456660
0.582047 0.746704
0.644865 0.290932
0.882492 0.491401
0.210054 0.608186
0.299136 0.688039
0.306385 0.678715
0.536770 0.248010
0.210247 0.488210
0.049930 0.799729
0.520236 0.932962
0.717173 0.092318
0.928451 0.555395
0.267762 0.907762
0.009090 0.969352
0.139003 0.634749
0.602623 0.574669
0.693866 0.475156
0.089633 0.903531
0.411201 0.928457
0.534696 0.578732
0.216349 0.692936
0.610803 0.650165
0.842358 0.173292
0.427228 0.747484
0.436090 0.570403
0.169539 0.700271
0.252042 0.317304
0.555150 0.772416
0.517767 0.260413
0.462862 0.246961
0.108921 0.934149
0.880057 0.553177
0.630177 0.575440
0.125754 0.819819
0.892571 0.361875
0.234756 0.711483
0.076872 0.575721
0.458922 0.747959
0.507206 0.368196
0.772397 0.648222
0.307430 0.958374
0.671734 0.391452
0.764035 0.405309
0.908125 0.098258
0.599706 0.126061
0.362629 0.361901
0.853318 0.330214
0.213299 0.580935
0.251203 0.610524
0.515225 0.250097
0.647764 0.378597
0.710924 0.382500
0.594091 0.496912
0.259018 0.668220
0.362575 0.436513
0.257909 0.781851
0.168300 0.633492
0.721912 0.420442
0.068391 0.655645
0.086302 0.995872
0.365256 0.950449
0.774124 0.012925
0.733170 0.098772
0.690949 0.521035
0.323026 0.309661
0.834121 0.410075
0.656106 0.388006
0.543253 0.371242
0.863167 0.159219
0.279234 0.258774
0.773488 0.364106
0.322307 0.423499
0.321161 0.320494
0.026124 0.441680
0.467143 0.737929
0.258087 0.672483
0.645839 0.890059
0.456773 0.877919
0.476932 0.207965
0.490299 0.738713
0.530871 0.510772
0.557644 0.915444
0.091190 0.886056
0.592856 0.840332
0.121541 0.767157
0.549104 0.309069
0.846127 0.274223
0.762918 0.397660
0.136435 0.972797
0.122441 0.743444
0.810921 0.313100
0.495734 0.261956
0.648575 0.742446
0.884655 0.182481
0.479035 0.689199
0.248334 0.945351
0.322515 0.445249
0.634921 0.132184
0.814996 0.154423
0.789669 0.594576
0.621927 0.078841
0.685414 0.821820
0.630723 0.279306
0.736244 0.445014
0.409316 0.240028
0.578483 0.354330
0.511261 0.475210
0.193792 0.386500
0.506260 0.366220
0.506860 0.450235
0.638901 0.955284
0.951782 0.142284
0.179450 0.694976
0.623335 0.255382
0.461002 0.269177
0.413340 0.119937
0.336386 0.888967
0.626311 0.501563
0.672875 0.880403
0.981894 0.018792
0.693928 0.412936
0.619089 0.126570
0.293480 0.624739
0.270956 0.476819
0.760241 0.376373
0.565018 0.961505
0.369407 0.679358
0.424094 0.651783
0.184421 0.856429
0.352279 0.659078
0.540852 0.238270
0.864799 0.441588
0.324580 0.388644
0.494658 0.534542
0.486170 0.425476
0.457775 0.599165
0.654724 0.315268
0.925505 0.305947
0.519360 0.604405
0.884183 0.502807
0.556553 0.542657
0.114499 0.424137
0.327725 0.587375
0.828563 0.419119
0.747846 0.633539
0.553992 0.743451
0.203807 0.795204
0.471729 0.518955
0.176816 0.960865
0.606005 0.660174
0.202407 0.623399
0.730402 0.086646
0.814047 0.392430
0.455103 0.402998
0.071108 0.663637
0.647066 0.180673
0.900999 0.388721
0.277614 0.704403
0.893649 0.474671
0.466946 0.538934
0.708961 0.717763
0.441478 0.932542
0.598173 0.736916
0.257588 0.542125
0.289601 0.247732
0.261791 0.759256
0.483509 0.230790
0.485359 0.698389
0.425267 0.458982
0.351569 0.576690
0.709059 0.671122
0.537388 0.500377
0.114627 0.353463
0.010154 0.732309
0.091213 0.508867
0.624292 0.085825
0.114627 0.612252
0.170244 0.632196
0.938077 0.421693
0.400362 0.598132
0.982531 0.018813
0.528480 0.868073
0.710447 0.241630
0.021702 0.532790
0.759812 0.051082
0.266935 0.488807
0.441572 0.648629
0.367357 0.328198
0.256708 0.577691
0.293475 0.795655
0.859017 0.224574
0.879950 0.130246
0.816781 0.381211
0.999224 0.172555
0.301743 0.718303
0.565258 0.285327
0.978530 0.233540
0.063130 0.772944
0.898033 0.500387
0.272390 0.746669
0.080050 0.552055
0.859337 0.190402
0.135545 0.854747
0.296438 0.889709
0.355335 0.357753
0.618830 0.613293
0.097658 0.892790
0.721544 0.687177
0.491895 0.069778
0.695328 0.324077
0.105101 0.814980
0.247740 0.257263
0.702651 0.203945
0.869671 0.325194
0.870825 0.455967
0.860027 0.412381
0.690915 0.144370
0.351948 0.569394
0.775870 0.089176
0.457709 0.333770
0.706011 0.369483
0.451247 0.873189
0.019157 0.423199
0.327315 0.424054
0.688672 0.585767
0.244648 0.462222
0.576485 0.674232
0.194865 0.906258
0.247260 0.549615
0.671813 0.427804
0.549024 0.455045
0.571969 0.651117
0.714716 0.044894
0.589405 0.376140
0.591012 0.341841
0.439081 0.489415
0.355214 0.166957
0.182647 0.495877
0.459425 0.702783
0.530541 0.545430
0.844396 0.382374
0.211006 0.587336
0.654733 0.578598
0.578604 0.053086
0.279003 0.670160
