896 7
4 0 1024 0 3.7 63 12
4 0 512 0 3.6 1894 256
4 128 0 0 3.7 1153 159
4 128 0 0 3.7 1153 159
4 256 0 0 3.7 1657 234
8 256 0 0 3.7 1657 234
4 0 1024 0 3.9 1185 141
4 0 1024 0 3.9 219 18
32 32 0 0 0 0 0
4 256 0 1 4.2 76 13
4 0 1024 0 2.3 3 0
4 0 1024 0 3.8 65 5
4 0 1024 0 3.1 8 1
8 512 0 0 0 0 0
4 0 512 0 0 0 0
4 0 512 0 0 0 0
4 0 512 0 3.5 31 3
8 0 1024 0 0 0 0
4 0 1024 0 0 0 0
4 0 512 0 4.5 3190 414
4 0 512 0 4.5 1946 240
4 0 512 0 4.5 259 47
4 0 512 0 4.5 425 67
4 0 512 0 3.6 1120 196
4 0 512 0 0 0 0
4 256 0 0 0 0 0
8 256 0 1 0 0 0
8 256 0 1 0 0 0
4 256 0 0 4 286 19
8 256 0 0 4 58 6
4 256 0 0 0 0 0
4 256 0 0 4 7 0
4 0 1024 1 3.8 15279 1947
4 0 1024 0 4.2 311 27
4 0 1024 0 4.2 47 7
4 256 0 0 4.1 37 6
8 256 0 2 4.3 2080 235
4 256 0 1 4.3 1479 181
8 256 0 0 4.4 67 3
8 256 0 1 4.2 273 30
8 256 0 1 4.3 1267 171
8 256 0 1 4.3 1063 152
8 256 0 1 4.6 14 0
8 256 0 1 0 0 0
8 256 0 1 4.4 6352 1014
8 256 0 1 4.3 284 39
8 256 0 1 4.6 44 5
8 256 0 1 4.2 33 4
8 256 0 0 4.2 286 36
8 256 0 1 3.6 10 5
8 256 0 1 4.5 816 147
8 256 0 1 4.3 543 65
8 256 0 0 4.8 9 1
8 256 0 0 4.3 1221 265
4 256 0 1 4.3 1178 137
8 256 0 1 4.4 299 41
8 256 0 0 4.4 20 1
4 256 0 2 4.3 758 64
4 256 0 1 4.4 634 64
8 256 0 1 4.5 816 147
8 256 0 2 5 4 0
8 256 0 1 4.3 17 2
8 256 0 1 4.2 24 5
8 256 0 1 4.3 1753 165
8 256 0 0 4.2 216 21
8 256 0 1 4.4 1084 160
8 256 0 0 4.3 1221 265
8 256 0 1 3.8 19 3
4 256 0 1 4.4 106 13
4 256 0 1 4.1 42 4
4 256 0 0 0 0 0
8 256 0 0 0 0 0
4 256 0 1 4.2 1029 107
4 256 0 0 4.5 53 11
4 256 0 0 0 0 0
4 256 0 1 0 0 0
4 256 0 1 3.9 48 1
4 256 0 0 3.7 3 0
4 256 0 1 0 0 0
4 256 0 1 4.4 6352 1014
4 0 512 0 3.3 61 4
4 256 0 0 4.3 97 13
4 256 0 1 4.4 181 19
4 256 0 1 4.4 529 39
4 256 0 0 0 0 0
4 256 0 2 0 0 0
4 256 0 0 0 0 0
4 256 0 0 4.2 10 1
4 256 0 1 4.4 5205 561
4 256 0 0 3.7 3 0
4 256 0 0 0 0 0
4 256 0 1 4.2 1090 96
4 256 0 0 0 0 0
4 256 0 1 0 0 0
4 256 0 0 5 1 1
4 256 0 1 4 44 2
4 256 0 0 0 0 0
4 256 0 1 4.5 70 9
8 256 0 1 0 0 0
8 256 0 0 0 0 0
4 0 512 0 4.2 632 92
4 256 0 1 4.4 71 8
8 512 0 1 4.3 990 108
8 512 0 1 4.4 158 18
8 512 0 1 4.3 681 59
4 512 0 1 4.4 130 12
8 512 0 1 4.3 1063 152
8 512 0 1 4.3 30 4
8 512 0 1 4.7 6 2
8 512 0 1 4.5 174 30
8 512 0 1 4.5 40 7
8 512 0 1 3.9 13 1
8 512 0 0 4.3 184 29
8 512 0 1 4.3 1296 126
8 512 0 1 4.3 571 56
4 512 0 1 4.3 2551 297
8 512 0 0 4.5 17 3
8 512 0 1 4.5 35 3
8 512 0 0 4.4 118 17
8 512 0 1 0 0 0
8 512 0 1 4.5 245 34
8 512 0 1 4.4 2058 305
8 512 0 1 4.1 117 11
8 512 0 0 0 0 0
8 512 0 1 4.7 74 11
8 512 0 1 4.4 10 1
8 512 0 0 4.1 39 4
8 512 0 1 3.9 29 7
8 512 0 1 4.2 43 4
8 512 0 1 0 0 0
8 512 0 2 4.4 984 99
4 512 0 1 4.3 523 66
4 512 0 0 4.4 30 1
4 512 0 1 0 0 0
4 512 0 1 0 0 0
4 512 0 1 4.3 1605 215
4 512 0 1 4.4 4008 519
4 512 0 1 4.4 1869 234
4 512 0 1 3.9 7 0
4 512 0 1 4.4 4008 519
4 512 0 1 0 0 0
4 512 0 1 4.3 1278 135
4 512 0 1 4.4 4008 519
4 512 0 0 0 0 0
4 512 0 1 3.4 10 2
8 512 0 0 0 0 0
8 512 0 1 4.3 143 15
8 0 1024 1 3.9 28 4
8 0 1024 1 4 2124 233
8 0 1024 0 4 276 40
8 0 1024 0 3.9 250 21
8 0 1024 1 4 1917 189
8 0 1024 1 4.1 4999 490
4 0 1024 1 3.8 17 0
8 0 1024 0 4.2 17 0
8 0 1024 0 0 0 0
4 0 1024 1 3.7 4203 490
8 0 1024 1 3.9 13 0
4 0 1024 1 3.8 15 1
4 0 1024 0 4 527 46
4 0 1024 1 3.7 103 10
4 0 1024 1 3.9 324 45
4 0 1024 1 4 69 5
4 0 1024 0 3.9 16 0
4 0 1024 1 3.9 40 3
4 0 1024 0 3.4 12 1
4 0 1024 1 3.8 1146 175
4 0 1024 1 4 1850 216
4 0 1024 0 3.7 43 7
4 0 1024 1 4.1 231 26
4 0 512 0 4.2 502 93
4 0 1024 1 4.1 1096 116
4 0 1024 1 4.1 313 35
4 0 1024 0 4.7 7 0
8 0 1024 1 3.7 265 46
8 0 1024 0 4.5 38 3
8 0 1024 0 3.6 7 2
8 0 1024 0 3 4 0
4 0 1024 0 0 0 0
8 0 1024 0 0 0 0
4 0 512 0 3.9 818 113
8 0 1024 0 3.8 25 4
8 0 1024 0 2 12 0
8 0 1024 1 3.2 17 1
4 0 512 0 4.1 974 170
8 0 1024 0 3.2 83 15
4 0 1024 0 3.4 31 6
4 0 512 0 3.9 637 91
8 256 1024 1 5 7 5
8 256 1024 0 4.3 207 16
8 256 1024 0 4.3 844 103
8 256 1024 1 4.2 53 6
4 256 1024 1 4.1 62 7
8 256 1024 0 4.2 38 2
8 256 1024 1 4.1 724 92
4 256 1024 1 0 0 0
4 256 1024 1 4.3 9 0
4 256 1024 0 0 0 0
4 256 1024 1 0 0 0
4 256 1024 1 0 0 0
4 256 1024 1 4.2 56 7
4 256 1024 1 0 0 0
4 256 1024 1 0 0 0
4 256 1024 1 3.9 170 11
8 256 1024 0 2.9 95 5
4 0 512 0 3.6 197 25
4 0 512 0 3.6 1180 148
4 0 512 0 3.6 232 23
4 0 512 0 3.8 596 65
4 0 1024 0 3.3 19 1
4 0 512 0 3.7 84 16
4 0 512 0 3.4 414 54
4 0 512 0 2.8 70 16
4 0 512 0 4.5 1336 186
8 0 512 0 4.4 10966 1185
8 0 512 1 4 1 1
8 0 512 0 4.3 31 6
8 0 512 0 4.5 1881 241
8 0 512 1 1.6 23 4
8 0 512 1 0 0 0
8 0 512 0 4 818 109
8 0 512 0 0 0 0
8 0 512 0 4.2 204 19
8 0 512 0 4.2 4428 569
8 128 0 0 4.4 56 8
8 128 0 0 3.5 30 9
8 128 0 0 4.5 49 8
4 128 0 0 3.9 28 4
8 128 0 1 4.3 129 16
8 256 0 2 4.3 365 35
8 0 512 0 4.6 79 14
8 256 0 1 4.4 39 3
8 256 0 0 4.5 15 7
8 256 0 0 0 0 0
8 256 0 1 0 0 0
8 256 0 0 4.6 68 20
8 256 0 0 3.3 3 0
8 256 0 1 4 14 3
8 256 0 0 0 0 0
8 256 0 1 0 0 0
8 256 0 1 3.5 33 7
8 256 0 1 0 0 0
8 256 0 1 2.8 4 0
8 512 0 0 4.2 116 15
8 512 0 1 4.1 206 17
8 512 0 2 4.2 300 24
16 512 0 1 4.5 108 6
8 512 0 1 4.5 3712 412
16 512 0 1 4.4 825 95
8 512 0 1 4.4 3470 505
8 512 0 1 0 0 0
8 512 0 2 4.2 85 4
16 512 0 0 4.2 56 7
8 512 0 1 4.2 1708 242
8 512 0 1 4.6 10 1
8 512 0 1 4.6 17 4
8 512 0 0 4.4 1119 242
8 512 0 1 4.2 155 20
8 512 0 1 0 0 0
8 512 0 0 4.4 91 17
8 512 0 1 4 35 2
8 512 0 0 4.7 6 1
8 512 0 2 4.3 126 13
8 512 0 0 4.5 74 10
16 512 0 2 4.6 75 17
16 512 0 1 4.6 124 17
8 512 0 2 4.5 1597 228
8 512 0 1 4.4 3850 378
8 512 0 0 4.7 7 1
8 512 0 0 4.3 3 0
16 512 0 0 0 0 0
16 512 0 1 0 0 0
8 512 0 0 4.8 5 1
16 512 0 1 4.5 213 45
16 512 0 1 4.3 10 0
8 512 0 1 4 69 6
8 512 0 1 4.5 6 0
16 512 0 0 4.4 93 9
16 512 0 1 4.5 11 2
16 512 0 1 4.4 262 31
8 512 0 1 0 0 0
16 512 0 0 4 5 1
8 512 0 1 4.4 3470 505
8 512 0 1 4.1 45 3
8 512 0 0 3.9 8 1
8 512 0 0 5 3 1
8 512 0 1 4.4 1681 227
8 512 0 1 4.3 37 2
8 512 0 1 4.2 61 2
16 512 0 1 4.4 17 1
8 512 0 1 4.4 17 1
8 512 0 1 4.3 1625 152
8 512 0 1 4 4 1
16 512 0 1 0 0 0
8 512 0 1 0 0 0
8 512 0 1 4.7 17 1
16 512 0 1 0 0 0
8 512 0 1 0 0 0
16 512 0 1 0 0 0
8 512 0 1 4.7 3 0
16 512 0 1 0 0 0
16 512 0 1 0 0 0
8 512 0 0 0 0 0
8 512 0 3 4 48 12
8 512 0 1 4.4 282 36
16 512 0 1 0 0 0
16 512 0 1 4.2 67 4
8 512 0 0 4.1 383 65
16 512 0 1 0 0 0
8 512 0 1 0 0 0
8 512 0 1 4.6 23 2
8 512 0 0 4.4 677 87
16 512 0 0 3.3 3 0
16 512 0 1 4.4 46 4
8 512 0 1 3 4 1
8 512 0 1 4.2 9 1
8 512 0 1 4.4 26 4
8 512 0 1 5 5 0
8 512 0 1 4.4 40 3
8 512 0 0 3.9 44 6
8 512 0 1 4.7 28 6
8 512 0 0 4.3 1541 123
8 512 0 1 4.2 72 7
8 512 0 3 4.6 44 8
8 512 0 1 4.3 17 2
8 512 0 1 4.4 59 11
8 512 0 1 0 0 0
8 512 0 1 4.1 337 27
8 512 0 1 4.6 10 2
8 512 0 1 4.2 10 2
8 512 0 0 3.8 31 7
8 512 0 1 0 0 0
8 512 0 1 4.3 10 0
8 512 0 1 4.7 76 14
8 512 0 1 4.1 44 6
8 512 0 2 0 0 0
8 512 0 1 4.4 11 3
8 512 0 1 4.3 138 16
8 512 0 1 4.1 199 17
8 512 0 1 4.1 46 6
8 512 0 1 4.4 45 5
8 512 0 1 0 0 0
8 512 0 0 4.1 35 4
8 512 0 1 4.4 32 5
8 512 0 1 4.2 108 13
8 512 0 0 0 0 0
8 512 0 1 4.5 814 112
8 512 0 3 0 0 0
8 512 0 1 4.2 75 9
8 512 0 1 0 0 0
8 512 0 1 4.7 3 0
8 512 0 1 4.6 11 3
8 512 0 1 4.4 125 11
8 512 0 1 0 0 0
8 512 0 1 4.5 4 0
8 512 0 1 4.4 714 147
8 512 0 2 4 85 14
8 512 0 0 0 0 0
8 512 0 1 4 21 3
8 512 0 0 3.8 9 1
8 512 0 1 0 0 0
8 512 0 1 4.2 30 4
8 512 0 1 4.2 44 4
8 512 0 1 3.8 4 1
8 512 0 0 0 0 0
8 512 0 1 4.4 14 2
8 512 0 2 4.3 739 71
8 512 0 1 4.5 31 5
8 512 0 1 4.4 145 19
8 512 0 1 0 0 0
8 512 0 1 3.8 19 2
8 512 0 0 0 0 0
8 512 0 1 4.3 545 74
8 512 0 1 4.2 32 6
8 512 0 0 0 0 0
8 512 0 1 4.3 1124 100
8 512 0 1 4.9 35 6
8 512 0 1 4.8 9 0
8 512 0 1 4.7 98 6
8 512 0 1 4.1 31 2
8 512 0 1 4.4 19 3
8 512 0 1 0 0 0
8 512 0 1 4.5 11 0
8 512 0 2 4.4 45 3
8 512 0 3 0 0 0
8 512 0 0 0 0 0
8 512 0 0 0 0 0
8 512 0 0 0 0 0
8 512 0 1 0 0 0
8 512 0 0 0 0 0
8 512 0 0 4.3 474 37
8 512 0 1 0 0 0
8 512 0 1 4.2 6 0
8 512 0 1 0 0 0
8 512 0 0 3.9 24 4
8 512 0 1 4.5 195 17
8 512 0 0 0 0 0
8 512 0 0 0 0 0
8 512 0 1 5 2 1
8 0 512 0 0 0 0
8 512 0 1 0 0 0
8 512 0 1 0 0 0
8 512 0 1 4.5 21 2
8 512 0 0 0 0 0
8 512 0 1 0 0 0
8 512 0 1 4.8 5 0
8 512 0 1 0 0 0
8 512 0 1 0 0 0
8 512 0 0 4.1 10 3
8 512 0 0 0 0 0
8 512 0 1 4.3 10 1
8 512 0 1 3.7 15 3
8 512 0 1 4.4 138 23
8 512 0 1 0 0 0
8 512 0 0 0 0 0
8 512 0 0 4.4 16 3
8 512 0 1 4.9 11 4
8 512 0 0 0 0 0
8 512 0 0 0 0 0
8 512 0 1 5 4 0
8 512 0 0 0 0 0
8 512 0 1 4.4 22 3
8 512 0 1 4.6 16 2
8 512 0 1 3.6 16 1
8 512 0 0 0 0 0
16 512 0 0 4.1 117 31
8 512 0 0 3.9 14 6
8 512 0 0 0 0 0
16 512 0 0 3.5 6 3
8 512 0 1 0 0 0
8 512 0 0 0 0 0
8 512 0 1 0 0 0
8 512 0 0 4 5 0
8 512 0 0 0 0 0
8 512 0 0 3.4 17 3
8 512 0 1 3.9 17 2
8 512 0 1 4.7 3 0
16 512 0 1 4.4 512 85
8 512 0 0 3.4 17 3
8 512 0 0 3.4 17 3
16 512 0 1 0 0 0
8 512 0 1 3.3 3 1
8 512 0 0 4.6 1365 137
8 512 0 1 3.5 8 3
8 1024 0 0 4.5 368 48
8 1024 0 1 4.4 202 26
8 1024 0 1 4.5 187 26
16 1024 0 1 4.7 31 3
16 1024 0 1 4.8 91 5
8 1024 0 0 4.5 844 118
8 1024 0 1 0 0 0
8 1024 0 0 4.3 3 0
8 1024 0 0 4.5 21 3
8 1024 0 1 3 4 0
8 512 512 3 0 0 0
8 512 512 3 0 0 0
8 0 1024 0 0 0 0
8 0 1024 1 3.8 253 28
8 0 1024 1 3.6 470 46
8 0 1024 1 4.1 118 28
8 0 1024 1 4 1444 179
8 0 1024 2 4.1 1114 137
8 0 1024 0 0 0 0
8 0 1024 0 3.8 78 17
8 0 1024 1 4 21 5
8 0 1024 1 4.1 73 21
8 0 1024 0 0 0 0
8 0 1024 0 0 0 0
8 0 1024 1 0 0 0
8 0 1024 0 0 0 0
8 0 1024 0 0 0 0
8 0 1024 0 0 0 0
8 0 1024 0 0 0 0
8 0 512 0 4.6 7 3
8 0 512 0 4.5 715 106
8 0 512 0 4.4 24 5
8 0 1024 1 4.3 23 4
8 0 1024 1 4.2 3062 325
4 0 1024 1 4.1 122 12
8 0 1024 1 4.2 18 6
8 0 1024 1 3.4 11 1
8 0 1024 1 3.2 30 6
8 256 1024 1 4.3 1188 127
8 256 1024 0 4.5 23 0
8 256 1024 1 4.6 32 1
8 256 1024 1 0 0 0
8 256 1024 1 4.2 47 0
8 256 1024 1 4 27 2
8 256 1024 0 3.8 8 3
8 256 1024 1 3.9 157 20
16 256 1024 1 4.7 10 1
8 256 1024 1 4.3 52 4
8 256 1024 1 4.4 33 4
8 256 1024 0 4.3 343 47
8 256 1024 1 4.3 131 17
4 256 1024 1 4.2 41 4
16 256 1024 1 4.3 328 51
16 256 1024 0 4.8 6 1
8 256 1024 1 3.8 353 28
8 256 1024 1 4.3 127 20
8 256 1024 1 0 0 0
8 256 1024 1 4.2 241 19
8 256 1024 1 3.9 22 2
8 256 1024 1 4 8 1
8 256 1024 0 4.4 898 128
8 256 1024 0 5 1 1
8 256 1024 1 0 0 0
8 256 1024 0 3.8 6 1
8 256 1024 0 4.3 179 34
8 256 1024 0 3.8 41 5
8 256 1024 1 0 0 0
8 256 1024 1 4.3 114 9
8 256 1024 0 4.3 268 25
8 256 1024 1 5 6 1
8 256 1024 0 4.2 153 16
16 256 1024 0 3.4 8 0
8 0 2048 1 4 377 53
8 0 512 0 0 0 0
16 256 0 1 4.1 120 21
8 256 0 0 0 0 0
8 256 0 0 0 0 0
8 256 0 0 0 0 0
8 256 0 0 0 0 0
8 256 0 0 0 0 0
8 256 0 0 0 0 0
16 512 0 1 4.3 76 9
8 512 0 0 4.5 11 2
16 512 0 2 4.5 484 56
8 512 0 1 4.5 44 2
8 512 0 1 4.2 399 40
16 512 0 1 4.4 77 10
16 512 0 1 4.4 11 3
16 512 0 0 4.3 57 14
8 512 0 1 4.3 21 5
8 512 0 0 4 5 2
16 512 0 1 5 4 0
16 512 0 1 0 0 0
16 512 0 3 4.5 13 2
8 512 0 0 4.4 15 0
16 512 0 1 4.7 11 2
16 512 0 1 0 0 0
16 512 0 0 4.5 118 15
16 512 0 1 0 0 0
16 512 0 0 0 0 0
16 512 0 1 4.3 6 1
16 512 0 0 0 0 0
16 512 0 1 4.3 138 30
16 512 0 0 0 0 0
16 512 0 1 0 0 0
16 512 0 1 0 0 0
16 512 0 1 4.5 35 4
16 512 0 1 1.7 3 0
16 512 0 1 4.4 18 0
16 512 0 2 0 0 0
16 512 0 1 4.5 8 1
16 512 0 1 3.3 3 1
16 512 0 1 5 5 2
16 512 0 0 4.4 33 5
16 512 0 3 0 0 0
16 512 0 0 0 0 0
16 512 0 1 0 0 0
16 512 0 1 0 0 0
16 512 0 1 4 85 9
16 512 0 0 0 0 0
16 512 0 1 4.3 30 7
16 512 0 0 0 0 0
16 512 0 0 0 0 0
16 512 0 1 0 0 0
16 512 0 0 0 0 0
16 512 0 0 0 0 0
16 512 0 0 0 0 0
16 512 0 0 0 0 0
16 512 0 1 0 0 0
8 512 0 1 4.3 40 4
8 512 0 2 4.5 1639 230
16 1024 0 2 4.4 498 64
16 1024 0 1 0 0 0
16 1024 0 1 0 0 0
16 1024 0 0 4.5 445 56
16 1024 0 1 4.2 17 4
16 1024 0 0 0 0 0
16 1024 0 2 4.3 20 3
16 1024 0 1 0 0 0
16 1024 0 1 4.6 17 1
16 1024 0 0 0 0 0
16 1024 0 1 4.2 13 5
16 1024 0 2 4 3 2
16 1024 0 1 3 4 2
16 1024 0 1 4.7 9 0
16 1024 0 0 0 0 0
16 1024 0 0 0 0 0
16 1024 0 0 0 0 0
16 1024 0 0 4.4 7 0
16 1024 0 2 4.2 14 3
16 1024 0 1 0 0 0
16 1024 0 0 4.5 4 2
16 1024 0 1 4.5 54 7
16 1024 0 1 0 0 0
16 1024 0 1 4.8 4 0
16 1024 0 0 0 0 0
16 1024 0 1 3.7 3 1
16 1024 0 1 4.4 16 2
16 1024 0 1 4.8 8 1
16 1024 0 0 0 0 0
16 1024 0 1 4.3 7 0
16 1024 0 0 0 0 0
16 1024 0 1 0 0 0
16 1024 0 0 5 3 0
16 1024 0 0 0 0 0
16 1024 0 0 2.5 2 1
16 1024 0 0 0 0 0
16 1024 0 1 0 0 0
16 1024 0 0 3.9 207 49
16 1024 0 1 3.4 7 2
16 1024 0 1 0 0 0
16 1024 0 1 0 0 0
16 1024 0 1 0 0 0
16 2048 0 1 3.8 4 0
16 2048 0 0 0 0 0
16 0 1024 0 0 0 0
16 128 1024 1 0 0 0
8 256 1024 2 4.3 794 83
16 256 1024 0 4.2 25 4
16 256 1024 0 0 0 0
16 256 1024 1 4.6 2038 313
16 256 1024 3 0 0 0
16 256 1024 0 0 0 0
16 512 1024 1 4.5 214 37
16 512 1024 1 4.5 342 54
32 1024 0 1 0 0 0
16 1024 0 1 0 0 0
16 1024 0 0 0 0 0
16 1024 0 0 0 0 0
16 1024 0 1 4.8 8 1
16 1024 0 1 0 0 0
16 1024 0 0 0 0 0
16 3072 0 1 5 1 1
4 128 0 0 3.5 25 6
8 0 512 0 4.5 218 27
4 256 0 1 0 0 0
4 256 0 1 4 762 104
8 0 512 0 4.6 78 16
8 0 512 0 4.6 5 2
16 0 512 0 3 2 1
4 0 512 0 4.6 23 4
4 0 512 0 5 4 0
4 0 512 0 4.8 6 1
8 0 512 0 4.9 12 0
8 0 512 0 4.4 28 1
8 0 512 0 4.6 10 3
8 0 512 0 4.1 13 4
8 0 512 0 4 5 2
4 0 512 0 4.3 20 5
16 512 0 2 4.5 298 49
8 256 1024 2 4.4 2582 272
8 256 0 1 4.7 6725 629
8 256 0 1 4.8 640 70
16 256 0 1 4.7 45 4
8 256 0 1 4.8 640 70
16 256 0 1 4.8 640 70
16 256 0 1 4.7 45 4
8 256 0 1 4.7 6725 629
16 512 0 1 4.8 640 70
8 512 0 1 4.6 399 45
8 512 0 1 4.7 809 91
8 512 0 1 4.7 809 91
8 512 0 1 4.7 6725 629
8 512 0 1 4.6 399 45
16 512 0 1 4.7 45 4
16 512 0 1 4.8 42 8
16 512 0 1 4.8 42 8
4 512 0 1 4.7 45 4
8 512 0 1 4.7 6725 629
8 1024 0 1 4.8 640 70
16 1024 0 1 4.8 640 70
16 1024 0 1 4.8 42 8
16 1024 0 1 4.8 42 8
32 1024 0 1 5 3 1
16 1024 0 1 4.8 42 8
8 0 512 0 4.5 17 2
4 128 0 0 0 0 0
4 0 512 0 4.5 3227 693
4 0 512 0 0 0 0
4 0 512 0 3.8 1218 209
4 128 0 0 0 0 0
8 256 0 1 0 0 0
8 256 0 1 4.1 77 9
4 256 0 1 4.3 6 0
4 256 0 1 4.2 465 89
4 256 0 1 4.3 102 16
4 256 0 1 4.3 7 1
4 256 0 1 0 0 0
4 0 1024 0 0 0 0
4 0 1024 1 3.7 4741 658
4 0 1024 1 3.8 2736 350
4 0 1024 0 0 0 0
4 256 0 0 4 36 3
4 256 0 0 3.8 5 0
4 0 512 0 4.4 208 57
8 256 0 1 4.3 2214 241
8 256 0 1 4.3 2886 375
8 256 0 0 4.3 34 4
8 256 0 0 4.2 137 15
8 256 0 1 4.6 7 0
4 256 0 1 4.2 170 26
8 256 0 0 0 0 0
4 256 0 1 4.2 39 3
4 256 0 1 4.3 2886 375
8 512 0 1 4.6 11 2
8 512 0 0 4.6 163 33
8 512 0 1 4.2 153 21
4 512 0 0 0 0 0
4 512 0 1 4.3 267 42
4 512 0 0 0 0 0
8 512 0 0 3.3 3 0
8 0 1024 1 4.1 59 12
8 0 1024 1 4.2 7291 895
8 0 1024 0 4.2 38 5
4 0 1024 1 0 0 0
4 0 1024 1 4.1 409 39
4 0 1024 1 0 0 0
4 0 1024 1 4 353 58
4 0 1024 0 3.3 38 6
8 0 1024 0 3.1 18 4
8 256 1024 1 4.3 3524 432
4 0 512 0 3.8 4623 553
4 0 512 0 3.8 4623 553
4 0 512 0 3.8 4623 553
4 128 0 0 3.8 9 0
8 256 0 1 4.3 939 107
8 256 0 1 4.2 14 1
8 256 0 1 4.4 649 84
8 256 0 1 4.3 8 2
4 256 0 1 0 0 0
4 256 0 1 4 276 24
8 512 0 1 4.5 4740 532
8 512 0 1 4.5 162 15
8 512 0 1 4.4 219 27
8 512 0 1 4.5 193 28
8 512 0 0 4.6 562 89
8 512 0 1 4.4 45 5
8 512 0 1 4.9 7 0
8 512 0 1 4.2 39 5
8 512 0 1 0 0 0
8 512 0 0 4.5 92 10
8 512 0 0 4.5 469 80
8 512 0 0 2.5 2 1
8 512 0 1 4.4 1978 188
8 512 0 0 4.3 9 0
8 512 0 1 4.5 1049 134
8 512 0 1 4.6 74 18
16 512 0 1 4.4 196 19
8 512 0 0 4.6 17 1
8 512 0 1 4.4 172 36
8 512 0 1 4.4 324 34
4 0 512 0 4 2887 476
8 512 0 1 4.5 86 15
16 512 0 0 4.8 4 1
8 512 0 1 4.7 16 4
16 512 0 1 4.4 104 18
16 512 0 1 0 0 0
16 512 0 1 4.2 90 13
8 512 0 1 4.7 6 1
8 512 0 1 4.4 47 7
8 512 0 1 0 0 0
8 512 0 1 4.6 206 27
4 512 0 1 4.4 183 42
4 512 0 0 4.4 358 64
4 512 0 3 0 0 0
4 512 0 1 4.3 88 13
4 512 0 0 0 0 0
4 512 0 1 0 0 0
4 512 0 1 4.4 364 52
4 512 0 0 0 0 0
4 512 0 1 0 0 0
4 512 0 1 4.4 313 39
4 512 0 1 4.4 826 118
4 512 0 0 0 0 0
4 512 0 1 0 0 0
4 512 0 0 4.4 1410 203
4 512 0 1 4.4 47 6
4 512 0 0 0 0 0
4 512 0 1 4.5 6 1
4 512 0 1 4.3 741 67
4 512 0 2 4.1 700 144
4 512 0 1 4.5 14 2
4 512 0 1 0 0 0
4 512 0 1 0 0 0
4 512 0 1 3.7 3 0
4 512 0 1 4.4 349 69
4 512 0 1 0 0 0
8 512 0 1 4.3 519 48
16 512 0 1 2.7 3 0
8 512 0 2 4.1 700 144
16 512 0 1 4.1 19 1
8 512 0 1 3.8 8 1
4 1024 0 0 4.7 3 1
4 1024 0 3 0 0 0
4 0 1024 1 4.1 1480 151
8 256 1024 0 4 31 3
8 256 1024 1 4.5 18 3
8 256 1024 0 4.5 271 24
8 256 1024 1 4.6 49 6
8 256 1024 1 4.4 474 65
8 256 1024 1 4.5 861 116
4 256 1024 1 4.6 34 6
4 256 1024 0 0 0 0
4 256 1024 1 4.2 165 34
4 256 1024 1 4.4 698 74
4 256 1024 1 0 0 0
16 512 0 0 4.8 22 3
16 512 0 1 0 0 0
8 512 0 0 4.5 144 16
8 512 0 0 4.5 1810 235
16 512 0 1 4.6 26 1
16 512 0 1 0 0 0
16 512 0 1 0 0 0
16 512 0 0 4.6 1067 145
4 512 0 0 0 0 0
4 512 0 1 4.7 25 4
4 512 0 3 0 0 0
4 512 0 1 0 0 0
4 512 0 0 0 0 0
4 512 0 1 4.4 530 69
4 512 0 1 0 0 0
4 512 0 1 4.6 273 40
4 512 0 2 3.8 139 26
4 512 0 1 4.2 77 7
4 512 0 1 4.4 105 10
4 512 0 1 4.1 44 5
4 512 0 0 0 0 0
4 512 0 1 4.7 6 0
4 512 0 1 0 0 0
4 512 0 1 0 0 0
4 512 0 0 0 0 0
4 512 0 0 4.1 191 27
4 512 0 3 0 0 0
4 512 0 0 3 4 1
4 512 0 1 0 0 0
4 512 0 0 0 0 0
4 512 0 1 0 0 0
4 512 0 1 4.5 134 22
16 512 0 1 0 0 0
8 512 0 2 3.8 139 26
16 512 0 1 3.5 23 6
16 512 0 1 2.8 4 2
16 1024 0 1 4.7 108 24
8 1024 0 0 4.6 198 24
16 1024 0 1 0 0 0
16 1024 0 1 0 0 0
16 1024 0 0 0 0 0
4 1024 0 1 0 0 0
4 1024 0 1 0 0 0
4 1024 0 0 4.7 57 3
4 1024 0 1 4.8 17 2
4 1024 0 1 0 0 0
4 1024 0 1 0 0 0
4 1024 0 1 0 0 0
4 1024 0 0 0 0 0
4 1024 0 1 0 0 0
4 1024 0 1 5 1 1
4 1024 0 1 4.4 77 15
4 1024 0 1 0 0 0
16 1024 0 1 3 2 1
16 256 1024 1 4.5 1084 123
16 256 1024 1 4.4 272 36
16 256 1024 0 4.5 141 24
4 512 1024 0 0 0 0
16 1024 0 1 0 0 0
16 1024 0 1 4.6 194 42
16 1024 0 1 4.7 9 2
16 1024 0 0 4.6 28 4
16 1024 0 1 4.3 204 35
16 1024 0 1 4.3 32 6
4 1024 0 0 0 0 0
4 1024 0 1 4.5 14 2
4 1024 0 1 4.7 14 1
4 1024 0 1 5 3 0
4 1024 0 0 0 0 0
4 1024 0 1 0 0 0
4 1024 0 1 0 0 0
4 1024 0 1 4 4 1
4 1024 0 1 0 0 0
4 1024 0 1 4.2 44 12
4 1024 0 0 4.2 61 13
4 1024 0 1 0 0 0
4 1024 0 1 0 0 0
4 1024 0 0 0 0 0
4 1024 0 0 0 0 0
4 1024 0 1 0 0 0
4 1024 0 1 0 0 0
4 1024 0 1 0 0 0
4 1024 0 1 0 0 0
4 1024 0 1 0 0 0
4 0 512 0 0 0 0
8 512 0 0 4.2 18 4