6
1
0.124903 0.144373 0.231111 0.124903 0.124903 0.124903 
7
15
1.000000 1.000000 1.000000 1.000000 1.000000 1.000000 -1.000000 
-1.000000 0.000000 0.000000 0.000000 0.000000 0.000000 0.000000 
0.000000 -1.000000 0.000000 0.000000 0.000000 0.000000 0.000000 
0.000000 0.000000 -1.000000 0.000000 0.000000 0.000000 0.000000 
0.000000 0.000000 0.000000 -1.000000 0.000000 0.000000 0.000000 
0.000000 0.000000 0.000000 0.000000 -1.000000 0.000000 0.000000 
0.000000 0.000000 0.000000 0.000000 0.000000 -1.000000 0.000000 
0.001120 -0.026536 -0.636280 -0.072098 -0.727509 -0.244896 0.000000 
0.000475 -0.063344 -0.091999 -0.016905 -0.993433 -0.018116 0.000000 
-0.999690 0.018143 -0.001793 -0.003806 -0.004395 -0.015901 0.000000 
-0.002970 -0.985150 -0.000211 -0.001188 -0.171663 0.000310 0.000000 
-0.176559 0.693222 -0.639547 -0.098625 -0.097911 -0.244818 0.000000 
-0.004048 -0.948395 -0.002727 0.271249 -0.164146 -0.001779 0.000000 
-0.139693 -0.415148 -0.333735 0.000011 -0.834721 0.000446 0.000000 
-0.137518 -0.420206 -0.328258 0.161184 -0.819013 -0.000789 0.000000 
